0.292573
0.292059
0.292684
0.292239
0.292540
0.292184
0.292847
0.292263
0.292090
0.292419
0.291552
0.292603
0.292057
0.292951
0.292508
0.292408
0.292181
0.292440
0.292243
0.292578
0.292369
0.292291
0.292373
0.292258
0.292650
0.292106
0.292305
0.292663
0.292796
0.292749
0.292519
0.291813
0.292299
0.292421
0.292603
0.292463
0.292130
0.292270
0.292978
0.292289
0.292368
0.292763
0.292318
0.292802
0.292698
0.292797
0.292411
0.292054
0.293054
0.292632
0.292504
0.292464
0.293104
0.292011
0.291713
0.292012
0.292679
0.292676
0.292771
0.292645
0.292288
0.292264
0.292787
0.292409
0.292552
0.292409
0.292459
0.292813
0.292609
0.292358
0.292034
0.292253
0.292359
0.292314
0.292191
0.292316
0.292134
0.291884
0.292629
0.292436
0.292741
0.292585
0.292193
0.292355
0.292089
0.291899
0.292179
0.292442
0.292210
0.291980
0.292328
0.292816
0.292249
0.292106
0.292283
0.292051
0.292971
0.292484
0.292139
0.292930
0.292398
0.292368
0.292678
0.292338
0.292342
0.291934
0.292706
0.292762
0.292728
0.292419
0.292867
0.292379
0.292602
0.292401
0.292416
0.292295
0.292619
0.292432
0.292517
0.292158
0.292361
0.291882
0.292944
0.291912
0.292278
0.292642
0.293137
0.292401
0.292662
0.292347
0.292758
0.292170
0.292324
0.292256
0.292912
0.292227
0.292500
0.292480
0.292608
0.292846
0.292391
0.292561
0.292396
0.292142
0.292841
0.292682
0.291860
0.292863
0.291999
0.292660
0.291907
0.292430
0.292325
0.292483
0.291831
0.292851
0.292290
0.292510
0.292423
0.292492
0.292883
0.292956
0.292112
0.292678
0.292314
0.292201
0.292810
0.292435
0.292179
0.292333
0.292622
0.292681
0.292462
0.292479
0.292439
0.291989
0.292600
0.292670
0.292153
0.292503
0.292646
0.292211
0.292180
0.292411
0.291906
0.292720
0.292396
0.292747
0.292520
0.292080
0.292739
0.292143
0.292406
0.292407
0.292193
0.292330
0.292479
0.292705
0.292176
0.292310
0.292449
0.292421
0.292592
0.291742
0.292644
0.292647
0.292750
0.292280
0.291710
0.292523
0.292629
0.292822
0.291730
0.292167
0.292533
0.292929
0.292861
0.293253
0.292543
0.292565
0.292145
0.292187
0.292276
0.292305
0.292267
0.292489
0.292701
0.292506
0.292482
0.292454
0.292328
0.292468
0.292494
0.292452
0.292231
0.292520
0.292788
0.292587
0.292626
0.292263
0.292660
0.292021
0.291923
0.292801
0.292700
0.292857
0.292392
0.292476
0.292698
0.291886
0.292581
0.292495
0.291936
0.292029
0.292338
0.291954
0.291960
0.292564
0.292448
0.292468
0.292504
0.292066
0.292071
0.293176
0.292592
0.292265
0.292139
0.292875
0.292692
0.292389
0.292423
0.292557
0.292917
0.292497
0.292442
0.292424
0.293157
0.292561
0.292319
0.292836
0.292140
0.292288
0.292347
0.292828
0.292644
0.292470
0.291770
0.292382
0.292667
0.292270
0.292286
0.292020
0.292249
0.292036
0.292539
0.292287
0.292285
0.292358
0.292466
0.292912
0.292467
0.292502
0.292882
0.292143
0.292500
0.292316
0.292372
0.292588
0.292693
0.293172
0.292490
0.292015
0.292428
0.292616
0.292049
0.291853
0.292437
0.292312
0.292361
0.292794
0.292364
0.291971
0.292241
0.292950
0.291939
0.292384
0.292703
0.292141
0.291921
0.292638
0.292337
0.292548
0.292006
0.292561
0.291990
0.292600
0.292405
0.292792
0.292628
0.292076
0.292417
0.292797
0.291806
0.292486
0.292844
0.292565
0.292887
0.292769
0.292407
0.292332
0.292240
0.293137
0.292747
0.292252
0.291983
0.292688
0.292263
0.292159
0.292762
0.292529
0.292541
0.292518
0.293067
0.292867
0.292438
0.292302
0.292663
0.292390
0.292068
0.292803
0.292051
0.292700
0.292075
0.292760
0.292334
0.292606
0.292821
0.292752
0.292660
0.292503
0.292607
0.291849
0.292973
0.292631
0.292683
0.292626
0.292007
0.292350
0.292719
0.291966
0.292275
0.291985
0.292983
0.292597
0.292384
0.292743
0.292435
0.292305
0.292574
0.292421
0.292566
0.292190
0.292972
0.292634
0.292378
0.292272
0.292237
0.292304
0.292639
0.292323
0.292992
0.292347
0.292383
0.292904
0.292622
0.292939
0.292495
0.292466
0.292159
0.292360
0.292094
0.291748
0.292214
0.292783
0.292419
0.292013
0.293069
0.292003
0.292658
0.292246
0.292501
0.292317
0.292590
0.292475
0.292704
0.292474
0.292103
0.293004
0.292496
0.292665
0.292325
0.292147
0.292148
0.292095
0.292365
0.292392
0.292837
0.292536
0.292524
0.292181

