0.446352   0.000176   2
0.446360   0.000180   4
0.446380   0.000252   8
0.446391   0.000269   16
0.446398   0.000292   32
0.446324   0.000316   64
0.446419   0.000270   128
0.446382   0.000302   256
0.446349   0.000236   512

0.336867   0.000158   2
0.336888   0.000225   4
0.336906   0.000241   8
0.336851   0.000290   16
0.336822   0.000285   32
0.336893   0.000323   64
0.336861   0.000259   128
0.336871   0.000302   256
0.336881   0.000266   512

0.251539   0.000191   2
0.251458   0.000223   4
0.251566   0.000242   8
0.251527   0.000285   16
0.251475   0.000239   32
0.251559   0.000274   64
0.251564   0.000317   128
0.251470   0.000288   256
0.251462   0.000326   512

0.185014   0.000134   2
0.185052   0.000218   4
0.185051   0.000233   8
0.185039   0.000253   16
0.185006   0.000214   32
0.185088   0.000234   64
0.185045   0.000299   128
0.185036   0.000280   256
0.184998   0.000270   512

0.133193   0.000142   2
0.133171   0.000161   4
0.133153   0.000230   8
0.133203   0.000277   16
0.133182   0.000284   32
0.133163   0.000246   64
0.133172   0.000259   128
0.133196   0.000176   256
0.133216   0.000272   512

0.092815   0.000145   2
0.092771   0.000205   4
0.092807   0.000201   8
0.092787   0.000218   16
0.092746   0.000200   32
0.092775   0.000283   64
0.092764   0.000239   128
0.092796   0.000258   256
0.092800   0.000204   512

0.061307   0.000108   2
0.061269   0.000143   4
0.061248   0.000209   8
0.061226   0.000240   16
0.061243   0.000222   32
0.061249   0.000214   64
0.061213   0.000188   128
0.061320   0.000255   256
0.061263   0.000261   512

0.036700   0.000131   2
0.036708   0.000122   4
0.036721   0.000227   8
0.036755   0.000221   16
0.036784   0.000194   32
0.036701   0.000235   64
0.036674   0.000183   128
0.036706   0.000180   256
0.036651   0.000225   512

0.017543   0.000116   2
0.017543   0.000136   4
0.017550   0.000180   8
0.017528   0.000206   16
0.017542   0.000215   32
0.017538   0.000226   64
0.017502   0.000250   128
0.017580   0.000205   256
0.017550   0.000241   512

0.002640   0.000106   2
0.002634   0.000149   4
0.002686   0.000188   8
0.002632   0.000196   16
0.002621   0.000171   32
0.002625   0.000165   64
0.002629   0.000198   128
0.002644   0.000205   256
0.002728   0.000227   512

-0.009033   0.000106   2
-0.009013   0.000155   4
-0.008980   0.000200   8
-0.008963   0.000186   16
-0.008992   0.000196   32
-0.009044   0.000211   64
-0.008960   0.000196   128
-0.008987   0.000205   256
-0.008966   0.000211   512

-0.018110   0.000118   2
-0.018064   0.000154   4
-0.018107   0.000164   8
-0.018129   0.000176   16
-0.018097   0.000185   32
-0.018077   0.000229   64
-0.018142   0.000172   128
-0.018104   0.000205   256
-0.018064   0.000187   512

-0.025218   0.000143   2
-0.025227   0.000139   4
-0.025219   0.000175   8
-0.025170   0.000165   16
-0.025240   0.000187   32
-0.025209   0.000207   64
-0.025209   0.000168   128
-0.025215   0.000226   256
-0.025211   0.000236   512

-0.030754   0.000123   2
-0.030783   0.000136   4
-0.030754   0.000177   8
-0.030789   0.000192   16
-0.030741   0.000166   32
-0.030760   0.000187   64
-0.030730   0.000225   128
-0.030789   0.000150   256
-0.030763   0.000172   512

-0.035052   0.000107   2
-0.035041   0.000154   4
-0.035034   0.000180   8
-0.035078   0.000198   16
-0.035042   0.000187   32
-0.035042   0.000158   64
-0.035042   0.000183   128
-0.035052   0.000209   256
-0.035034   0.000197   512

-0.038356   0.000114   2
-0.038352   0.000133   4
-0.038316   0.000190   8
-0.038289   0.000207   16
-0.038342   0.000202   32
-0.038360   0.000254   64
-0.038311   0.000150   128
-0.038371   0.000187   256
-0.038339   0.000237   512

-0.040956   0.000139   2
-0.040971   0.000125   4
-0.040942   0.000172   8
-0.040940   0.000193   16
-0.040989   0.000190   32
-0.040952   0.000229   64
-0.040938   0.000184   128
-0.040936   0.000190   256
-0.040939   0.000231   512

-0.042954   0.000133   2
-0.042949   0.000160   4
-0.042921   0.000166   8
-0.042949   0.000193   16
-0.042901   0.000180   32
-0.042959   0.000164   64
-0.043001   0.000191   128
-0.042998   0.000214   256
-0.042922   0.000196   512

-0.044490   0.000113   2
-0.044487   0.000164   4
-0.044500   0.000157   8
-0.044464   0.000190   16
-0.044506   0.000220   32
-0.044505   0.000223   64
-0.044514   0.000205   128
-0.044527   0.000200   256
-0.044520   0.000182   512

-0.045698   0.000134   2
-0.045683   0.000140   4
-0.045706   0.000155   8
-0.045717   0.000192   16
-0.045705   0.000217   32
-0.045688   0.000230   64
-0.045741   0.000214   128
-0.045717   0.000192   256
-0.045715   0.000216   512

-0.046636   0.000132   2
-0.046657   0.000159   4
-0.046636   0.000199   8
-0.046673   0.000211   16
-0.046602   0.000192   32
-0.046614   0.000213   64
-0.046641   0.000254   128
-0.046629   0.000222   256
-0.046630   0.000205   512

-0.047332   0.000134   2
-0.047353   0.000162   4
-0.047364   0.000211   8
-0.047391   0.000194   16
-0.047351   0.000197   32
-0.047323   0.000198   64
-0.047351   0.000223   128
-0.047305   0.000200   256
-0.047310   0.000193   512

-0.047916   0.000118   2
-0.047945   0.000175   4
-0.047943   0.000196   8
-0.047919   0.000223   16
-0.047903   0.000188   32
-0.047931   0.000171   64
-0.047941   0.000197   128
-0.047935   0.000209   256
-0.047891   0.000188   512

-0.048376   0.000141   2
-0.048311   0.000163   4
-0.048357   0.000178   8
-0.048302   0.000178   16
-0.048350   0.000219   32
-0.048351   0.000196   64
-0.048385   0.000203   128
-0.048311   0.000254   256
-0.048364   0.000185   512

-0.048616   0.000147   2
-0.048594   0.000165   4
-0.048673   0.000219   8
-0.048626   0.000204   16
-0.048599   0.000228   32
-0.048637   0.000228   64
-0.048608   0.000209   128
-0.048608   0.000200   256
-0.048624   0.000220   512

-0.048854   0.000144   2
-0.048837   0.000178   4
-0.048840   0.000222   8
-0.048820   0.000229   16
-0.048799   0.000206   32
-0.048825   0.000221   64
-0.048823   0.000206   128
-0.048820   0.000231   256
-0.048822   0.000202   512

-0.048994   0.000135   2
-0.049064   0.000170   4
-0.049109   0.000206   8
-0.049053   0.000254   16
-0.049018   0.000259   32
-0.049092   0.000195   64
-0.049069   0.000254   128
-0.049090   0.000178   256
-0.049059   0.000213   512

-0.049245   0.000132   2
-0.049240   0.000210   4
-0.049197   0.000209   8
-0.049251   0.000265   16
-0.049225   0.000193   32
-0.049309   0.000221   64
-0.049215   0.000238   128
-0.049220   0.000233   256
-0.049232   0.000225   512

-0.049433   0.000155   2
-0.049431   0.000160   4
-0.049382   0.000236   8
-0.049332   0.000237   16
-0.049332   0.000228   32
-0.049388   0.000240   64
-0.049384   0.000234   128
-0.049369   0.000207   256
-0.049339   0.000244   512

-0.049517   0.000135   2
-0.049506   0.000200   4
-0.049483   0.000240   8
-0.049592   0.000258   16
-0.049515   0.000228   32
-0.049523   0.000280   64
-0.049559   0.000247   128
-0.049490   0.000272   256
-0.049515   0.000214   512

-0.049651   0.000152   2
-0.049645   0.000175   4
-0.049673   0.000189   8
-0.049646   0.000217   16
-0.049630   0.000211   32
-0.049627   0.000229   64
-0.049638   0.000244   128
-0.049709   0.000213   256
-0.049695   0.000277   512

-0.049798   0.000181   2
-0.049773   0.000200   4
-0.049817   0.000227   8
-0.049785   0.000248   16
-0.049783   0.000265   32
-0.049787   0.000260   64
-0.049788   0.000247   128
-0.049848   0.000233   256
-0.049825   0.000274   512

-0.049938   0.000184   2
-0.049914   0.000167   4
-0.049986   0.000211   8
-0.049949   0.000243   16
-0.049947   0.000294   32
-0.049955   0.000224   64
-0.049973   0.000272   128
-0.049931   0.000290   256
-0.049945   0.000286   512

-0.050125   0.000165   2
-0.050112   0.000185   4
-0.050115   0.000234   8
-0.050133   0.000254   16
-0.050171   0.000303   32
-0.050205   0.000282   64
-0.050121   0.000257   128
-0.050095   0.000254   256
-0.050191   0.000185   512

-0.050244   0.000146   2
-0.050233   0.000241   4
-0.050307   0.000256   8
-0.050302   0.000299   16
-0.050294   0.000280   32
-0.050196   0.000273   64
-0.050267   0.000274   128
-0.050207   0.000252   256
-0.050211   0.000228   512

-0.050290   0.000167   2
-0.050265   0.000196   4
-0.050336   0.000232   8
-0.050304   0.000221   16
-0.050280   0.000275   32
-0.050306   0.000298   64
-0.050311   0.000295   128
-0.050212   0.000293   256
-0.050264   0.000298   512

-0.050368   0.000185   2
-0.050355   0.000227   4
-0.050387   0.000266   8
-0.050361   0.000274   16
-0.050358   0.000267   32
-0.050293   0.000292   64
-0.050417   0.000254   128
-0.050311   0.000253   256
-0.050281   0.000327   512

-0.050457   0.000191   2
-0.050413   0.000216   4
-0.050430   0.000219   8
-0.050373   0.000277   16
-0.050415   0.000357   32
-0.050373   0.000258   64
-0.050504   0.000238   128
-0.050387   0.000257   256
-0.050422   0.000275   512

-0.050473   0.000170   2
-0.050472   0.000235   4
-0.050422   0.000280   8
-0.050500   0.000273   16
-0.050506   0.000305   32
-0.050444   0.000277   64
-0.050459   0.000288   128
-0.050530   0.000297   256
-0.050490   0.000296   512

-0.050427   0.000195   2
-0.050431   0.000218   4
-0.050400   0.000253   8
-0.050488   0.000306   16
-0.050410   0.000269   32
-0.050310   0.000227   64
-0.050361   0.000290   128
-0.050335   0.000271   256
-0.050413   0.000310   512

-0.050382   0.000140   2
-0.050473   0.000205   4
-0.050341   0.000212   8
-0.050336   0.000325   16
-0.050407   0.000273   32
-0.050414   0.000263   64
-0.050358   0.000279   128
-0.050295   0.000271   256
-0.050303   0.000281   512

-0.050385   0.000182   2
-0.050350   0.000217   4
-0.050312   0.000270   8
-0.050334   0.000281   16
-0.050407   0.000294   32
-0.050369   0.000348   64
-0.050399   0.000331   128
-0.050279   0.000312   256
-0.050323   0.000322   512

-0.050320   0.000198   2
-0.050356   0.000215   4
-0.050342   0.000255   8
-0.050326   0.000232   16
-0.050350   0.000248   32
-0.050226   0.000247   64
-0.050290   0.000295   128
-0.050291   0.000309   256
-0.050333   0.000282   512

-0.050346   0.000169   2
-0.050236   0.000220   4
-0.050337   0.000289   8
-0.050313   0.000267   16
-0.050230   0.000320   32
-0.050313   0.000308   64
-0.050271   0.000317   128
-0.050234   0.000292   256
-0.050305   0.000328   512

-0.050307   0.000182   2
-0.050314   0.000221   4
-0.050361   0.000290   8
-0.050347   0.000274   16
-0.050288   0.000330   32
-0.050293   0.000262   64
-0.050302   0.000247   128
-0.050347   0.000317   256
-0.050234   0.000273   512

-0.050271   0.000185   2
-0.050243   0.000239   4
-0.050237   0.000247   8
-0.050297   0.000318   16
-0.050278   0.000279   32
-0.050285   0.000297   64
-0.050293   0.000289   128
-0.050367   0.000317   256
-0.050227   0.000391   512

-0.050158   0.000177   2
-0.050229   0.000257   4
-0.050232   0.000232   8
-0.050191   0.000291   16
-0.050243   0.000318   32
-0.050197   0.000280   64
-0.050188   0.000285   128
-0.050223   0.000300   256
-0.050213   0.000322   512

-0.050226   0.000193   2
-0.050252   0.000243   4
-0.050235   0.000224   8
-0.050241   0.000328   16
-0.050291   0.000298   32
-0.050292   0.000275   64
-0.050205   0.000326   128
-0.050200   0.000314   256
-0.050227   0.000284   512

-0.050261   0.000204   2
-0.050209   0.000251   4
-0.050266   0.000238   8
-0.050308   0.000355   16
-0.050268   0.000338   32
-0.050177   0.000293   64
-0.050230   0.000337   128
-0.050231   0.000343   256
-0.050278   0.000304   512

-0.050200   0.000217   2
-0.050182   0.000247   4
-0.050188   0.000272   8
-0.050200   0.000300   16
-0.050192   0.000299   32
-0.050191   0.000334   64
-0.050233   0.000340   128
-0.050159   0.000305   256
-0.050188   0.000319   512

-0.050084   0.000220   2
-0.050054   0.000220   4
-0.050133   0.000234   8
-0.050051   0.000241   16
-0.050162   0.000321   32
-0.050061   0.000257   64
-0.050070   0.000310   128
-0.050126   0.000316   256
-0.050145   0.000322   512

-0.049924   0.000166   2
-0.049965   0.000269   4
-0.049916   0.000309   8
-0.050005   0.000399   16
-0.050040   0.000305   32
-0.049948   0.000346   64
-0.049913   0.000348   128
-0.049947   0.000315   256
-0.050074   0.000363   512

-0.049705   0.000209   2
-0.049698   0.000291   4
-0.049807   0.000329   8
-0.049697   0.000323   16
-0.049746   0.000411   32
-0.049738   0.000341   64
-0.049705   0.000345   128
-0.049749   0.000362   256
-0.049740   0.000379   512

-0.049407   0.000182   2
-0.049490   0.000258   4
-0.049424   0.000314   8
-0.049388   0.000334   16
-0.049500   0.000313   32
-0.049427   0.000337   64
-0.049474   0.000390   128
-0.049398   0.000290   256
-0.049556   0.000330   512

-0.049187   0.000220   2
-0.049195   0.000296   4
-0.049225   0.000301   8
-0.049202   0.000344   16
-0.049222   0.000332   32
-0.049204   0.000329   64
-0.049112   0.000330   128
-0.049179   0.000318   256
-0.049200   0.000343   512

-0.048858   0.000234   2
-0.048797   0.000288   4
-0.048832   0.000382   8
-0.048929   0.000354   16
-0.048805   0.000355   32
-0.048837   0.000355   64
-0.048859   0.000322   128
-0.048851   0.000356   256
-0.048838   0.000347   512

-0.048354   0.000203   2
-0.048406   0.000296   4
-0.048389   0.000381   8
-0.048310   0.000330   16
-0.048434   0.000405   32
-0.048330   0.000410   64
-0.048351   0.000291   128
-0.048435   0.000391   256
-0.048318   0.000330   512

-0.047865   0.000239   2
-0.047975   0.000289   4
-0.047865   0.000307   8
-0.047921   0.000349   16
-0.047941   0.000417   32
-0.047893   0.000330   64
-0.047922   0.000373   128
-0.047932   0.000363   256
-0.047916   0.000385   512

-0.047394   0.000239   2
-0.047392   0.000249   4
-0.047437   0.000348   8
-0.047401   0.000418   16
-0.047360   0.000348   32
-0.047333   0.000371   64
-0.047473   0.000425   128
-0.047406   0.000420   256
-0.047295   0.000433   512

-0.046746   0.000260   2
-0.046799   0.000389   4
-0.046768   0.000335   8
-0.046756   0.000338   16
-0.046778   0.000466   32
-0.046720   0.000336   64
-0.046803   0.000328   128
-0.046767   0.000396   256
-0.046816   0.000447   512

-0.046043   0.000241   2
-0.046009   0.000301   4
-0.046078   0.000310   8
-0.046078   0.000420   16
-0.046053   0.000377   32
-0.046055   0.000400   64
-0.045987   0.000363   128
-0.046015   0.000465   256
-0.046078   0.000369   512

-0.045113   0.000265   2
-0.045023   0.000291   4
-0.045072   0.000362   8
-0.045023   0.000342   16
-0.045078   0.000429   32
-0.044923   0.000443   64
-0.045005   0.000398   128
-0.045065   0.000435   256
-0.045089   0.000439   512

-0.043829   0.000254   2
-0.043826   0.000350   4
-0.043806   0.000336   8
-0.043852   0.000435   16
-0.043803   0.000458   32
-0.043760   0.000476   64
-0.043814   0.000469   128
-0.043821   0.000423   256
-0.043823   0.000354   512

-0.042205   0.000270   2
-0.042244   0.000340   4
-0.042254   0.000429   8
-0.042202   0.000301   16
-0.042156   0.000360   32
-0.042098   0.000463   64
-0.042132   0.000450   128
-0.042251   0.000440   256
-0.042160   0.000364   512

-0.040116   0.000322   2
-0.040121   0.000330   4
-0.040163   0.000381   8
-0.040185   0.000436   16
-0.040057   0.000351   32
-0.040053   0.000407   64
-0.040131   0.000479   128
-0.040025   0.000489   256
-0.040112   0.000421   512

-0.037472   0.000248   2
-0.037460   0.000367   4
-0.037413   0.000395   8
-0.037429   0.000471   16
-0.037503   0.000513   32
-0.037344   0.000519   64
-0.037362   0.000429   128
-0.037380   0.000462   256
-0.037404   0.000519   512

-0.033953   0.000258   2
-0.034018   0.000364   4
-0.033979   0.000379   8
-0.034080   0.000370   16
-0.034065   0.000474   32
-0.034030   0.000473   64
-0.034097   0.000507   128
-0.034030   0.000491   256
-0.033997   0.000442   512

-0.029634   0.000250   2
-0.029702   0.000359   4
-0.029727   0.000447   8
-0.029811   0.000508   16
-0.029862   0.000500   32
-0.029686   0.000506   64
-0.029771   0.000503   128
-0.029581   0.000385   256
-0.029907   0.000458   512

-0.024237   0.000295   2
-0.024246   0.000333   4
-0.024248   0.000370   8
-0.024278   0.000501   16
-0.024378   0.000492   32
-0.024232   0.000524   64
-0.024286   0.000484   128
-0.024208   0.000484   256
-0.024257   0.000517   512

-0.017306   0.000437   2
-0.017151   0.000409   4
-0.017101   0.000472   8
-0.017187   0.000546   16
-0.017187   0.000510   32
-0.017154   0.000522   64
-0.017088   0.000506   128
-0.017221   0.000604   256
-0.017361   0.000516   512

-0.008305   0.000380   2
-0.008242   0.000482   4
-0.008101   0.000552   8
-0.008229   0.000507   16
-0.008165   0.000583   32
-0.008084   0.000547   64
-0.008285   0.000534   128
-0.008336   0.000524   256
-0.008329   0.000552   512

0.003253   0.000446   2
0.003328   0.000418   4
0.003209   0.000544   8
0.003304   0.000659   16
0.003136   0.000560   32
0.003301   0.000590   64
0.003169   0.000649   128
0.003190   0.000682   256
0.003059   0.000648   512

0.017842   0.000416   2
0.017851   0.000550   4
0.017885   0.000521   8
0.017953   0.000619   16
0.017718   0.000633   32
0.017771   0.000668   64
0.017857   0.000558   128
0.017836   0.000667   256
0.017841   0.000619   512

0.036734   0.000367   2
0.036696   0.000424   4
0.036867   0.000567   8
0.036739   0.000585   16
0.036717   0.000652   32
0.036763   0.000606   64
0.036784   0.000715   128
0.036762   0.000769   256
0.036804   0.000815   512

0.061215   0.000485   2
0.061308   0.000507   4
0.061226   0.000579   8
0.061194   0.000531   16
0.061348   0.000747   32
0.061290   0.000670   64
0.061156   0.000614   128
0.061359   0.000774   256
0.061195   0.000685   512

0.092782   0.000407   2
0.092628   0.000619   4
0.092712   0.000630   8
0.092798   0.000738   16
0.092770   0.000777   32
0.092769   0.000718   64
0.092779   0.000744   128
0.092883   0.000929   256
0.092785   0.000887   512

0.133514   0.000611   2
0.133280   0.000647   4
0.133448   0.000648   8
0.133239   0.000770   16
0.133347   0.000910   32
0.133374   0.000884   64
0.133613   0.000781   128
0.133361   0.000798   256
0.133343   0.000760   512

0.185198   0.000446   2
0.185419   0.000722   4
0.185468   0.000778   8
0.185139   0.000876   16
0.185514   0.000947   32
0.185267   0.000836   64
0.185423   0.001054   128
0.185253   0.000906   256
0.185399   0.000777   512

0.252090   0.000610   2
0.252134   0.000751   4
0.251885   0.000824   8
0.252144   0.000887   16
0.252176   0.000957   32
0.252121   0.000808   64
0.252016   0.000913   128
0.251920   0.001149   256
0.251939   0.001026   512

0.337728   0.000703   2
0.337772   0.000737   4
0.337901   0.000837   8
0.337808   0.000791   16
0.337909   0.000830   32
0.337776   0.001183   64
0.337658   0.000946   128
0.337685   0.001062   256
0.338081   0.001187   512

