1.080774
1.080368
1.080917
1.080704
1.080907
1.080672
1.080231
1.081735
1.079562
1.080498
1.081884
1.080149
1.080841
1.080465
1.080355
1.081148
1.079489
1.081163
1.081733
1.082280
1.080191
1.079988
1.081736
1.081394
1.080782
1.080772
1.081525
1.080926
1.081233
1.080561
1.080787
1.081245
1.080506
1.081091
1.080679
1.080769
1.080641
1.079989
1.082023
1.081165
1.081764
1.081434
1.080659
1.079995
1.081623
1.080527
1.081023
1.081342
1.081192
1.080116
1.080040
1.080040
1.080895
1.081563
1.080848
1.080922
1.081477
1.081989
1.080924
1.080824
1.079972
1.080508
1.081222
1.081011
1.081501
1.081182
1.082049
1.081803
1.080167
1.082570
1.081684
1.081887
1.080194
1.079884
1.079953
1.081011
1.082330
1.079643
1.080829
1.081345
1.080203
1.080982
1.080322
1.080260
1.080803
1.081109
1.081449
1.080299
1.080729
1.081325
1.079999
1.080913
1.079742
1.080428
1.082171
1.080810
1.080200
1.079779
1.080678
1.080427
1.082673
1.079309
1.081554
1.080708
1.080251
1.079127
1.080884
1.081359
1.080933
1.081332
1.081665
1.079225
1.081168
1.082607
1.080726
1.078086
1.082889
1.082257
1.079864
1.081598
1.081147
1.081309
1.079999
1.077928
1.081459
1.079639
1.079940
1.079450
1.083445
1.080289
1.080696
1.081792
1.081708
1.078416
1.077124
1.078099
1.080321
1.080941
1.081529
1.081539
1.083061
1.080581
1.079302
1.080705
1.082752
1.078940
1.078744
1.081363
1.081185
1.079257
1.079251
1.077365
1.081427
1.082359
1.081156
1.082250
1.079096
1.079254
1.082030
1.078632
1.079016
1.077677
1.078972
1.080324
1.078196
1.080618
1.077498
1.079489
1.080646
1.082246
1.079522
1.081140
1.082466
1.080118
1.079144
1.082473
1.082766
1.081663
1.077780
1.078645
1.081738
1.080565
1.079006
1.078380
1.076911
1.078230
1.079568
1.083175
1.081382
1.080900
1.078726
1.081492
1.082048
1.082772
1.076068
1.080551
1.084663
1.079655
1.078382
1.081252
1.080802
1.081682
1.077366
1.077604
1.084068
1.080947
1.082545
1.081396
1.082435
1.080624
1.081817
1.081427
1.080585
1.081317
1.079351
1.078695
1.079453
1.080782
1.081386
1.078724
1.085491
1.077369
1.078446
1.080237
1.079022
1.079768
1.080824
1.082259
1.079281
1.084351
1.079994
1.078681
1.079558
1.079552
1.082490
1.082813
1.079591
1.082996
1.083399
1.080808
1.077906
1.079292
1.079517
1.077950
1.079855
1.083572
1.076145
1.083485
1.082193
1.082387
1.081517
1.077654
1.079823
1.078600
1.082849
1.078394
1.081615
1.077529
1.081778
1.079194
1.078648
1.081796
1.085640
1.082591
1.078348
1.083878
1.081085
1.079260
1.082287
1.082790
1.082010
1.083967
1.080209
1.080353
1.081722
1.081624
1.078064
1.080511
1.080146
1.078408
1.076916
1.078032
1.080804
1.084534
1.080896
1.086768
1.077472
1.080400
1.079913
1.077970
1.076364
1.077296
1.080665
1.078810
1.080457
1.077330
1.082401
1.076399
1.083907
1.081140
1.078603
1.080778
1.075350
1.077762
1.081934
1.077351
1.080961
1.084531
1.082079
1.077684
1.079781
1.077710
1.078406
1.082661
1.078257
1.081518
1.082741
1.077750
1.076707
1.079458
1.083154
1.081326
1.082414
1.078251
1.080355
1.081793
1.084412
1.084342
1.080435
1.075675
1.077003
1.079359
1.079058
1.081727
1.081460
1.083135
1.081922
1.078678
1.081310
1.081120
1.080262
1.080091
1.075124
1.080265
1.077744
1.081831
1.083695
1.080376
1.082313
1.082208
1.083935
1.084125
1.080960
1.082369
1.077556
1.074309
1.080154
1.079798
1.083576
1.084544
1.084966
1.080993
1.081268
1.082983
1.083696
1.076854
1.082035
1.081350
1.079476
1.077491
1.079803
1.080762
1.077972
1.079113
1.079638
1.083862
1.080834
1.080069
1.084076
1.080183
1.081909
1.080036
1.081924
1.080975
1.077358
1.081823
1.076435
1.085381
1.082008
1.077906
1.082847
1.079277
1.082826
1.080096
1.082922
1.085347
1.079375
1.081481
1.085245
1.074618
1.074304
1.081153
1.076174
1.081640
1.078508
1.081053
1.076378
1.076274
1.081848
1.081875
1.072713
1.082450
1.073703
1.080891
1.082476
1.080800
1.082677
1.079063
1.080464
1.074825
1.078963
1.076257
1.079128
1.080713
1.080628
1.083278
1.078193
1.082681
1.075524
1.078865
1.080883
1.081184
1.083477
1.083103
1.082872
1.081812
1.079429
1.079039
1.084186
1.084821
1.085094
1.077539
1.077775
1.084117
1.079097
1.081651
1.071863
1.079339
1.083191
1.084461
