0.498169
0.497995
0.498059
0.497915
0.498056
0.498037
0.497969
0.498125
0.498191
0.498032
0.498081
0.498092
0.498100
0.498072
0.498049
0.498123
0.498076
0.498173
0.498015
0.498092
0.497974
0.498052
0.498031
0.498079
0.498154
0.498142
0.498054
0.498053
0.498198
0.498086
0.498048
0.498013
0.498149
0.498023
0.498039
0.498078
0.498009
0.498105
0.498057
0.498134
0.498125
0.498016
0.498114
0.498105
0.498073
0.498023
0.498037
0.498058
0.498077
0.498031
0.498120
0.497929
0.497985
0.498093
0.498103
0.498100
0.498165
0.498008
0.498116
0.498050
0.498138
0.498033
0.497982
0.498093
0.498152
0.498054
0.498149
0.498060
0.497932
0.498016
0.498120
0.498005
0.498065
0.498036
0.498119
0.498080
0.498067
0.498045
0.498062
0.498015
0.497939
0.498046
0.498087
0.497963
0.498023
0.498074
0.497997
0.498122
0.498034
0.497984
0.497860
0.498031
0.497903
0.498081
0.498066
0.497998
0.498115
0.498157
0.498089
0.497964
0.498144
0.497971
0.498044
0.498086
0.498011
0.498064
0.498096
0.497900
0.498127
0.498032
0.498095
0.498156
0.498176
0.498182
0.497950
0.497959
0.498171
0.498047
0.498029
0.498046
0.498070
0.498019
0.498010
0.498039
0.498089
0.498083
0.497921
0.498102
0.498085
0.498139
0.498078
0.497941
0.498045
0.498138
0.498193
0.498098
0.498129
0.498111
0.498082
0.498138
0.498069
0.498050
0.498046
0.498186
0.498008
0.498058
0.498283
0.498098
0.498084
0.497993
0.498041
0.498063
0.498146
0.498165
0.498243
0.498057
0.498143
0.498054
0.498000
0.498073
0.498046
0.498196
0.498193
0.497962
0.497972
0.498005
0.498257
0.498119
0.498140
0.498159
0.498122
0.497980
0.498044
0.498046
0.498028
0.498204
0.498072
0.498094
0.497897
0.497983
0.498217
0.498015
0.498078
0.498071
0.498197
0.498133
0.498011
0.498085
0.498040
0.498023
0.498155
0.498131
0.497964
0.497944
0.497991
0.497930
0.498071
0.497969
0.498030
0.498014
0.497997
0.498156
0.497992
0.498174
0.497913
0.498158
0.497829
0.498084
0.497967
0.498147
0.498190
0.497967
0.498177
0.497791
0.497999
0.498034
0.498008
0.497944
0.497976
0.498017
0.498083
0.497883
0.498074
0.498038
0.498058
0.498135
0.498140
0.497902
0.498033
0.498152
0.498044
0.498016
0.498042
0.498135
0.498142
0.498033
0.497954
0.498086
0.498032
0.498088
0.498024
0.498006
0.498021
0.498153
0.498038
0.498033
0.498248
0.497943
0.498099
0.498213
0.497963
0.498088
0.498154
0.498101
0.498030
0.497989
0.498025
0.497818
0.498025
0.498191
0.498012
0.498039
0.498149
0.498075
0.498140
0.498036
0.497963
0.498134
0.498075
0.497865
0.498217
0.498087
0.498003
0.498013
0.498146
0.498058
0.498150
0.498192
0.498498
0.498091
0.498070
0.497983
0.498253
0.498179
0.497736
0.498252
0.498150
0.498077
0.498077
0.497936
0.498158
0.498385
0.498187
0.497961
0.497902
0.498007
0.497849
0.498156
0.498277
0.497946
0.498077
0.497910
0.498054
0.498170
0.498158
0.498083
0.497949
0.497957
0.498120
0.498166
0.498232
0.498120
0.498190
0.497896
0.498107
0.497949
0.498078
0.498146
0.497973
0.498089
0.498079
0.498057
0.498058
0.497797
0.498248
0.498194
0.498079
0.498087
0.498237
0.498151
0.498002
0.498229
0.498064
0.497827
0.497967
0.497946
0.497987
0.498145
0.498517
0.498177
0.498141
0.498076
0.498015
0.498043
0.497887
0.497962
0.498143
0.498039
0.498146
0.498251
0.498036
0.498153
0.497920
0.498054
0.497977
0.497981
0.498205
0.498110
0.498113
0.498256
0.498155
0.498067
0.498159
0.497937
0.498158
0.498027
0.498049
0.498264
0.498047
0.498344
0.497832
0.498135
0.497947
0.498156
0.497899
0.498096
0.498018
0.497854
0.498049
0.498006
0.498130
0.497945
0.498191
0.498046
0.498180
0.498017
0.498127
0.498169
0.498133
0.498048
0.498085
0.498086
0.497936
0.497999
0.498131
0.497947
0.498118
0.498239
0.498081
0.498073
0.498157
0.498152
0.498048
0.497904
0.497938
0.498118
0.498187
0.497952
0.498233
0.498288
0.497826
0.497845
0.498289
0.498056
0.498244
0.498239
0.497756
0.497904
0.497891
0.498002
0.498016
0.497945
0.498149
0.498371
0.497915
0.498176
0.497878
0.497947
0.498146
0.498274
0.498172
0.498125
0.498005
0.498135
0.498055
0.498181
0.498149
0.498110
0.497853
0.498010
0.498198
0.498096
0.497828
0.498185
0.498055
0.497840
0.498102
0.497943
0.498055
0.498244
0.498326
0.498055
0.498001
0.498098
0.498140
0.497928
0.498084
0.498278
0.498259
0.498303
0.498034
0.498010
0.498094
0.498206
0.498030
0.497740
0.498122
0.498146
0.498001
0.498161
0.498362
0.498164
0.497963
0.498273
0.498055
0.498120
0.498006
0.498119
0.498029
0.498192
0.498170
0.497944
0.497945
0.498407
0.497925
0.498291
0.497941
0.497969
0.498025
0.498048
0.498072
0.497877
0.498290
0.498352
0.497821
0.497703
0.498237
0.497962
0.497973
0.498147
0.498051
0.498091
0.498195
0.497909
0.498134
0.498239
0.498141
0.498221
0.498154
0.498131
0.498227
0.497972
0.498092
0.497915
0.498168
0.497908
0.498138
0.498250
0.498131
0.498205
0.498235
0.498328
0.497956
0.498148
0.497946
0.498272
0.498347
0.498028
0.497915
0.497901
0.497992
0.498171
0.498077
0.497922
0.498054
0.497778
0.497965
0.497939
0.498038
0.498145
0.498093
0.498062
0.497951
0.498480
0.498062
0.498146
0.498163
0.498205
0.498004
0.498127
0.497974
0.497979
0.498174
0.497944
0.497908
0.497928
0.498201
0.498265
0.498316
0.498048
0.498017
0.498061
0.497939
0.498107
0.498082
0.498074
0.498275
0.498311
0.498000
0.498239
0.498182
0.497952
0.497865
0.498066
0.498080
0.497977
0.497990
0.498049
0.498156
0.498127
0.498029
0.497756
0.498161
0.498241
0.498032
0.498085
0.497850
0.498024
0.498173
0.497881
0.497853
0.498153
0.498371
0.498306
0.498068
0.498188
0.498121
0.497948
0.498095
0.497856
0.498222
0.497842
0.498059
0.498166
0.498066
0.498153
0.498153
0.497615
0.498023
0.498097
0.497805
0.498235
0.498470
0.497785
0.497955
0.498071
0.498012
0.498181
0.497989
0.497978
0.497925
0.498067
0.498434
0.498234
0.498184
0.498153
0.497711
0.498015
0.497968
0.498292
0.498053
0.498097
0.498101
0.498009
0.498207
0.498127
0.498194
0.497738
0.497889
0.497914
0.498037
0.498172
0.498309
0.498202
0.497860
0.498091
0.498009
0.498340
0.498132
0.498094
0.497991
0.498275
0.498308
0.497920
0.498125
0.497971
0.498328
0.498102
0.498005
0.498047
0.498021
0.498122
0.498328
0.498021
0.498125
0.497715
0.497691
0.498169
0.498181
0.498216
0.497924
0.498024
0.497922
0.497676
0.497913
0.497741
0.497835
0.497914
0.498164
0.497905
0.498203
0.497812
0.498200
0.498280
0.498171
0.497877
0.497896
0.498081
0.498003
0.498025
0.498307
0.498243
0.498144
0.498365
0.497852
0.497900
0.498295
0.497962
0.498086
0.497872
0.497768
0.498356
0.498024
0.498409
0.498141
0.497994
0.498175
0.497911
0.498073
0.497972
0.498126
0.498004
0.497916
0.497936
0.497899
0.497909
0.498212
0.498184
0.498092
0.497904
0.498451
0.498133
0.498120
0.498180
0.497935
0.498173
0.498003
0.498131
0.498119
0.498031
0.498220
0.498207
0.497914
0.498066
0.497914
0.498058
0.498177
0.498146
0.498196
0.497753
0.497904
0.498128
0.498113
0.497844
0.498200
0.498126
0.498098
0.497928
0.497989
0.497958
0.498207
0.498264
0.498025
0.498238
0.498135
0.497856
0.497633
0.498172
0.498048
0.498165
0.498222
0.498098
0.497780
0.498031
0.498144
0.498039
0.498190
0.498228
0.497977
0.497969
0.497891
0.498029
0.497892
0.497781
0.497959
0.498248
0.498198
0.498153
0.498132
0.498064
0.497899
0.498260
0.498274
0.498176
0.498469
0.498082
0.497999
0.498045
0.498043
0.498307
0.498114
0.497930
0.497980
0.497898
0.498087
0.498082
0.498022
0.497950
0.498172
0.498099
0.498147
0.497819
0.498094
0.498031
0.497974
0.498149
0.498190
0.498431
0.498136
0.497764
0.497913
0.498092
0.498267
0.498165
0.498344
0.497947
0.497952
0.498203
0.498009
0.498277
0.498012
0.497993
0.498071
0.498295
0.497993
0.498406
0.497804
0.497857
0.497917
0.498080
0.498066
0.497923
0.498460
0.498171
0.498009
0.498112
0.498143
0.497971
0.498399
0.497991
0.497930
0.498048
0.498422
0.498118
0.498039
0.498148
0.497869
0.498127
0.498118
0.498100
0.497998
0.498107
0.497938
0.498135
0.498320
0.498029
0.498108
0.498161
0.497932
0.497952
0.498038
0.498275
0.498124
0.498517
0.498195
0.498131
0.498102
0.497920
0.498378
0.498141
0.497972
0.497605
0.498022
0.498397
0.498043
0.498063
0.498069
0.498155
0.498014
0.498203
0.497867
0.497784
0.498206
0.497990
0.497891
0.498179
0.498032
0.497845
0.498411
0.498149
0.498033
0.498078
0.497949
0.498208
0.498147
0.497694
0.498309
0.498055
0.497764
0.498081
0.498254
0.497783
0.497994
0.498082
0.497850
0.497922
0.498160
0.498216
0.498012
0.497712
0.498047
0.498016
0.497961
0.497990
0.498195
0.498105
0.497766
0.498128
0.498367
0.497926
0.498035
0.498133
0.497941
0.497942
0.498045
0.498018
0.498332
0.497921
0.498105
0.498132
0.497856
0.498318
0.498209
0.498549
0.498087
0.498356
0.497886
0.498092
0.497927
0.497974
0.498185
0.497982
0.498259
0.497873
0.497880
0.497967
0.498212
0.498108
0.498162
0.498226
0.498270
0.498063
0.497867
0.497996
0.498136
0.497986
0.498137
0.498011
0.498114
0.498053
0.498347
0.497984
0.497892
0.497940
0.498141
0.498314
0.498083
0.497784
0.498097
0.497976
0.497680
0.498262
0.497860
0.498057
0.498446
0.497850
0.498144
0.498112
0.497915
0.498366
0.498356
0.498165
0.498141
0.498353
0.498134
0.498146
0.498066
0.498116
0.498151
0.497833
0.498261
0.498126
0.497961
0.497805
0.498011
0.498116
0.498147
0.497814
0.498272
0.498158
0.498343
0.497832
0.497847
0.497879
0.498094
0.497975
0.498006
0.498154
0.498014
0.498124
0.498082
0.498152
0.498089
0.497988
0.498178
0.497731
0.498039
0.497861
0.497954
0.498129
0.498012
0.497819
0.498033
0.498209
0.498049
0.498147
0.497883
0.498169
0.498222
0.497942
0.498197
0.498136
0.498116
0.498019
0.497863
0.497965
0.497981
0.497831
0.498158
0.498018
0.498245
0.497724
0.498338
0.498317
0.498254
0.498037
0.498026
0.498335
0.497963
0.498308
0.498091
0.498054
0.497967
0.498160
0.498150
0.497719
0.498017
0.498016
0.497921
0.498203
0.497954
0.498150
0.498097
0.498054
0.498022
0.498033
0.498137
0.497931
0.498080
0.498237
0.498131
0.498021
0.497929
0.498116
0.498060
0.498108
0.498093
0.498023
0.497793
0.498281
0.498241
0.498150
0.498071
0.498001
0.497892
0.497964
0.497661
0.498250
0.498060
0.498149
0.498129
0.498199
0.498204
0.497960
0.498192
0.498225
0.498213
0.498160
0.497947
0.497996
